Frame                           Rhelio  Delta  alpha  Amass Filter Exptime MJD    TmagCorr  TmagErr  TmagFinalErr
lsc1m004-fa03-20190805-0113-e91 5.0334 4.0624 3.731 1.541 rp 154 58701.1115602 18.89380 0.022 0.032
lsc1m004-fa03-20190805-0114-e91 5.0334 4.0624 3.731 1.520 rp 154 58701.1136581 18.85950 0.021 0.031
lsc1m004-fa03-20190805-0115-e91 5.0334 4.0624 3.731 1.501 rp 154 58701.1157563 18.83895 0.023 0.039
lsc1m004-fa03-20190805-0138-e91 5.0333 4.0620 3.716 1.120 rp 154 58701.1879353 18.70550 0.015 0.030
lsc1m004-fa03-20190805-0139-e91 5.0333 4.0620 3.716 1.115 rp 154 58701.1900333 18.70010 0.016 0.027
lsc1m004-fa03-20190805-0140-e91 5.0333 4.0620 3.715 1.109 rp 155 58701.1921202 18.69780 0.016 0.027
lsc1m004-fa03-20190805-0151-e91 5.0333 4.0618 3.708 1.048 rp 154 58701.2295735 18.58875 0.013 0.032
lsc1m004-fa03-20190805-0152-e91 5.0333 4.0618 3.707 1.046 rp 154 58701.2316714 18.56975 0.013 0.037
lsc1m004-fa03-20190805-0153-e91 5.0333 4.0618 3.707 1.044 rp 154 58701.2337696 18.54040 0.013 0.030
lsc1m004-fa03-20190805-0171-e91 5.0333 4.0616 3.699 1.041 rp 154 58701.2711599 18.50445 0.012 0.025
lsc1m004-fa03-20190805-0172-e91 5.0333 4.0615 3.699 1.043 rp 154 58701.2732578 18.49000 0.012 0.026
lsc1m004-fa03-20190805-0173-e91 5.0333 4.0615 3.698 1.044 rp 154 58701.2753558 18.51770 0.013 0.022
elp1m008-fa05-20190805-0065-e91 5.0333 4.0613 3.691 1.464 rp 154 58701.3128009 18.48390 0.015 0.037
elp1m008-fa05-20190805-0066-e91 5.0333 4.0613 3.690 1.459 rp 154 58701.3149011 18.48050 0.015 0.033
elp1m008-fa05-20190805-0067-e91 5.0333 4.0613 3.690 1.455 rp 155 58701.3169931 18.45920 0.015 0.037
elp1m008-fa05-20190805-0075-e91 5.0332 4.0611 3.682 1.428 rp 154 58701.3545528 18.51605 0.016 0.038
elp1m008-fa05-20190805-0076-e91 5.0332 4.0611 3.682 1.429 rp 154 58701.3566508 18.50310 0.015 0.036
elp1m008-fa05-20190805-0077-e91 5.0332 4.0611 3.681 1.430 rp 154 58701.3587495 18.48660 0.015 0.033
lsc1m004-fa03-20190805-0253-e91 5.0332 4.0609 3.674 1.529 rp 154 58701.3961221 18.54110 0.016 0.041
lsc1m004-fa03-20190805-0254-e91 5.0332 4.0609 3.673 1.549 rp 154 58701.3982201 18.56450 0.016 0.040
lsc1m004-fa03-20190805-0255-e91 5.0332 4.0609 3.673 1.571 rp 154 58701.4003180 18.58500 0.016 0.044
coj1m011-fa12-20190806-0126-e91 5.0330 4.0597 3.629 1.051 rp 154 58701.6202546 18.78370 0.015 0.026
coj1m011-fa12-20190806-0127-e91 5.0330 4.0597 3.629 1.049 rp 155 58701.6223527 18.79970 0.015 0.033
coj1m011-fa12-20190806-0128-e91 5.0330 4.0597 3.628 1.048 rp 154 58701.6244629 18.73890 0.014 0.027
coj1m011-fa12-20190806-0271-e91 5.0329 4.0588 3.595 1.601 rp 154 58701.7909284 18.49930 0.014 0.022
coj1m011-fa12-20190806-0272-e91 5.0329 4.0588 3.594 1.624 rp 154 58701.7930402 18.51790 0.014 0.029
coj1m011-fa12-20190806-0273-e91 5.0329 4.0588 3.594 1.648 rp 154 58701.7951287 18.52320 0.014 0.029
cpt1m013-fa14-20190806-0098-e91 5.0329 4.0587 3.589 1.960 rp 155 58701.8232697 18.62900 0.021 0.110
cpt1m013-fa14-20190806-0099-e91 5.0329 4.0586 3.588 1.924 rp 155 58701.8253676 18.53180 0.020 0.108
cpt1m013-fa14-20190806-0100-e91 5.0329 4.0586 3.588 1.890 rp 155 58701.8274656 18.55060 0.022 0.086
cpt1m013-fa14-20190806-0102-e91 5.0329 4.0586 3.587 1.788 rp 155 58701.8342275 18.51450 0.021 0.086
cpt1m013-fa14-20190806-0103-e91 5.0329 4.0586 3.586 1.759 rp 155 58701.8363256 18.53900 0.020 0.086
cpt1m013-fa14-20190806-0104-e91 5.0329 4.0586 3.586 1.732 rp 155 58701.8384235 18.51920 0.023 0.080
cpt1m013-fa14-20190806-0108-e91 5.0329 4.0585 3.583 1.551 rp 155 58701.8545700 18.60890 0.020 0.113
cpt1m013-fa14-20190806-0109-e91 5.0329 4.0585 3.582 1.531 rp 155 58701.8566794 18.62470 0.022 0.113
cpt1m013-fa14-20190806-0110-e91 5.0329 4.0585 3.582 1.511 rp 155 58701.8587893 18.60140 0.021 0.121
cpt1m012-fa06-20190806-0077-e91 5.0328 4.0578 3.555 1.050 rp 154 58701.9875402 18.73090 0.015 0.040
cpt1m012-fa06-20190806-0078-e91 5.0328 4.0578 3.555 1.049 rp 154 58701.9896344 18.75430 0.015 0.043
cpt1m012-fa06-20190806-0079-e91 5.0328 4.0578 3.555 1.049 rp 154 58701.9917349 18.78830 0.015 0.037
cpt1m013-fa14-20190806-0182-e91 5.0327 4.0575 3.544 1.089 rp 155 58702.0449991 18.90265 0.025 0.038
cpt1m013-fa14-20190806-0183-e91 5.0327 4.0575 3.543 1.093 rp 155 58702.0470973 18.93740 0.026 0.041
cpt1m013-fa14-20190806-0184-e91 5.0327 4.0575 3.543 1.097 rp 155 58702.0492070 18.90295 0.023 0.035
cpt1m010-fa16-20190806-0168-e91 5.0327 4.0574 3.538 1.158 rp 155 58702.0731731 18.87910 0.021 0.039
cpt1m010-fa16-20190806-0169-e91 5.0327 4.0573 3.538 1.165 rp 155 58702.0752844 18.92000 0.022 0.038
cpt1m010-fa16-20190806-0170-e91 5.0327 4.0573 3.537 1.172 rp 155 58702.0773847 18.87835 0.022 0.037
cpt1m013-fa14-20190806-0235-e91 5.0327 4.0571 3.529 1.381 rp 155 58702.1199737 18.79020 0.025 0.042
cpt1m013-fa14-20190806-0236-e91 5.0327 4.0571 3.528 1.396 rp 155 58702.1220717 18.77150 0.026 0.043
cpt1m013-fa14-20190806-0237-e91 5.0327 4.0571 3.528 1.411 rp 155 58702.1241698 18.81300 0.025 0.044
cpt1m012-fa06-20190806-0174-e91 5.0327 4.0569 3.521 1.713 rp 154 58702.1555113 18.60645 0.020 0.040
cpt1m012-fa06-20190806-0175-e91 5.0326 4.0569 3.521 1.741 rp 154 58702.1576063 18.65030 0.024 0.037
cpt1m012-fa06-20190806-0176-e91 5.0326 4.0569 3.520 1.768 rp 154 58702.1596977 18.68340 0.024 0.041
lsc1m005-fa15-20190806-0123-e91 5.0326 4.0567 3.515 1.104 rp 154 58702.1910862 18.57370 0.012 0.047
lsc1m005-fa15-20190806-0124-e91 5.0326 4.0567 3.514 1.099 rp 154 58702.1931843 18.56020 0.012 0.037
lsc1m005-fa15-20190806-0125-e91 5.0326 4.0567 3.514 1.095 rp 154 58702.1952939 18.57470 0.013 0.035
lsc1m005-fa15-20190806-0149-e91 5.0326 4.0565 3.507 1.045 rp 154 58702.2295012 18.53245 0.012 0.046
lsc1m005-fa15-20190806-0150-e91 5.0326 4.0565 3.506 1.043 rp 154 58702.2315992 18.50475 0.012 0.050
lsc1m005-fa15-20190806-0151-e91 5.0326 4.0565 3.506 1.042 rp 154 58702.2336972 18.50340 0.012 0.049
lsc1m005-fa15-20190806-0155-e91 5.0326 4.0565 3.504 1.037 rp 154 58702.2449993 18.51850 0.012 0.034
lsc1m005-fa15-20190806-0156-e91 5.0326 4.0565 3.503 1.037 rp 155 58702.2470974 18.52190 0.012 0.037
lsc1m005-fa15-20190806-0157-e91 5.0326 4.0564 3.503 1.036 rp 155 58702.2491967 18.48710 0.011 0.032
coj1m011-fa12-20190807-0120-e91 5.0322 4.0541 3.409 1.148 rp 154 58702.7138385 18.55690 0.020 0.044
coj1m011-fa12-20190807-0121-e91 5.0322 4.0541 3.409 1.155 rp 154 58702.7159503 18.52300 0.024 0.049
coj1m011-fa12-20190807-0122-e91 5.0322 4.0541 3.408 1.162 rp 154 58702.7180503 18.55370 0.025 0.049
coj1m011-fa12-20190807-0147-e91 5.0322 4.0538 3.396 1.503 rp 154 58702.7780185 18.56460 0.017 0.038
coj1m011-fa12-20190807-0148-e91 5.0322 4.0538 3.396 1.523 rp 154 58702.7801189 18.55230 0.017 0.034
coj1m011-fa12-20190807-0149-e91 5.0322 4.0538 3.395 1.543 rp 154 58702.7822191 18.57800 0.017 0.038
lsc1m004-fa03-20190807-0049-e91 5.0318 4.0512 3.290 1.099 rp 154 58703.3065449 18.51440 0.015 0.044
lsc1m004-fa03-20190807-0069-e91 5.0318 4.0509 3.277 1.349 rp 154 58703.3674147 18.65660 0.015 0.039
lsc1m004-fa03-20190807-0070-e91 5.0318 4.0509 3.277 1.363 rp 154 58703.3695242 18.62785 0.015 0.046
lsc1m004-fa03-20190807-0071-e91 5.0318 4.0509 3.276 1.377 rp 154 58703.3716223 18.67405 0.015 0.041
elp1m008-fa05-20190807-0082-e91 5.0318 4.0509 3.275 1.487 rp 154 58703.3816303 18.73550 0.023 0.082
elp1m008-fa05-20190807-0083-e91 5.0318 4.0509 3.274 1.494 rp 155 58703.3837402 18.73310 0.023 0.080
elp1m008-fa05-20190807-0084-e91 5.0318 4.0509 3.274 1.500 rp 154 58703.3858393 18.73740 0.024 0.090
elp1m006-fa07-20190807-0137-e91 5.0317 4.0507 3.268 1.646 rp 155 58703.4161551 18.77660 0.055 0.139
coj1m011-fa12-20190808-0124-e91 5.0316 4.0499 3.233 1.081 rp 154 58703.5897862 18.68970 0.017 0.027
coj1m011-fa12-20190808-0125-e91 5.0316 4.0499 3.233 1.078 rp 154 58703.5918981 18.65810 0.016 0.030
coj1m011-fa12-20190808-0126-e91 5.0316 4.0499 3.232 1.074 rp 154 58703.5939983 18.67490 0.017 0.030
coj1m011-fa12-20190808-0143-e91 5.0316 4.0497 3.224 1.042 rp  47 58703.6356555 18.63710 0.030 0.048
coj1m011-fa12-20190808-0185-e91 5.0315 4.0489 3.191 1.741 rp 154 58703.7967548 18.62085 0.022 0.044
coj1m011-fa12-20190808-0186-e91 5.0315 4.0489 3.190 1.775 rp 155 58703.7992030 18.57330 0.021 0.041
coj1m011-fa12-20190808-0187-e91 5.0315 4.0489 3.190 1.807 rp 154 58703.8014426 18.56190 0.024 0.045
cpt1m013-fa14-20190808-0077-e91 5.0312 4.0473 3.118 1.803 rp 155 58704.1562348 18.46670 0.018 0.103
cpt1m013-fa14-20190808-0078-e91 5.0312 4.0473 3.118 1.834 rp 155 58704.1583332 18.50330 0.019 0.114
cpt1m013-fa14-20190808-0079-e91 5.0312 4.0473 3.117 1.866 rp 155 58704.1604428 18.50090 0.018 0.110
lsc1m005-fa15-20190808-0101-e91 5.0312 4.0471 3.112 1.097 rp 154 58704.1879632 18.49810 0.015 0.029
lsc1m005-fa15-20190808-0102-e91 5.0312 4.0471 3.112 1.092 rp 154 58704.1900615 18.50120 0.015 0.026
lsc1m005-fa15-20190808-0103-e91 5.0312 4.0471 3.111 1.088 rp 155 58704.1921639 18.48500 0.015 0.025
lsc1m004-fa03-20190808-0202-e91 5.0311 4.0468 3.099 1.038 rp 155 58704.2553714 18.52650 0.016 0.029
elp1m008-fa05-20190808-0053-e91 5.0311 4.0466 3.090 1.488 rp 154 58704.2959635 18.61740 0.024 0.062
elp1m008-fa05-20190808-0054-e91 5.0311 4.0466 3.090 1.482 rp 154 58704.2980617 18.63515 0.024 0.056
elp1m008-fa05-20190808-0055-e91 5.0311 4.0466 3.090 1.476 rp 154 58704.3001481 18.66070 0.025 0.054
lsc1m005-fa15-20190826-0107-e91 5.0182 4.0125 1.258 1.094 rp 160 58722.1314724 18.60085 0.014 0.027
lsc1m005-fa15-20190826-0108-e91 5.0182 4.0125 1.258 1.090 rp 159 58722.1336289 18.61465 0.013 0.028
lsc1m005-fa15-20190826-0109-e91 5.0182 4.0125 1.259 1.085 rp 159 58722.1357965 18.63600 0.014 0.026
lsc1m004-fa03-20190826-0193-e91 5.0181 4.0127 1.292 1.576 rp 159 58722.3377858 18.24685 0.013 0.028
lsc1m004-fa03-20190826-0194-e91 5.0181 4.0127 1.292 1.599 rp 159 58722.3399424 18.21730 0.013 0.030
lsc1m004-fa03-20190826-0195-e91 5.0181 4.0127 1.292 1.623 rp 159 58722.3421100 18.22460 0.014 0.029
elp1m008-fa05-20190826-0197-e91 5.0181 4.0127 1.299 1.843 rp 159 58722.3779027 18.23565 0.014 0.026
elp1m008-fa05-20190826-0198-e91 5.0181 4.0127 1.299 1.865 rp 159 58722.3800587 18.23305 0.013 0.026
elp1m008-fa05-20190826-0199-e91 5.0181 4.0127 1.299 1.888 rp 159 58722.3822032 18.26005 0.014 0.027
coj1m011-fa12-20190827-0070-e91 5.0180 4.0127 1.303 1.845 rp 160 58722.4089763 18.31900 0.015 0.028
coj1m011-fa12-20190827-0071-e91 5.0180 4.0127 1.303 1.813 rp 159 58722.4111344 18.35585 0.017 0.033
coj1m011-fa12-20190827-0072-e91 5.0180 4.0127 1.303 1.782 rp 159 58722.4133030 18.32070 0.015 0.034
cpt1m013-fa14-20190827-0075-e91 5.0178 4.0131 1.364 1.675 rp 160 58722.7768356 18.32725 0.033 0.081
cpt1m013-fa14-20190827-0076-e91 5.0178 4.0131 1.364 1.650 rp 160 58722.7789803 18.31490 0.024 0.057
cpt1m013-fa14-20190827-0077-e91 5.0178 4.0131 1.365 1.626 rp 160 58722.7811304 18.37650 0.024 0.065
cpt1m012-fa06-20190828-0077-e91 5.0171 4.0141 1.540 1.588 rp 159 58723.7814777 18.28710 0.016 0.043
cpt1m012-fa06-20190828-0078-e91 5.0171 4.0141 1.541 1.566 rp 160 58723.7836463 18.32910 0.015 0.036
cpt1m012-fa06-20190828-0079-e91 5.0171 4.0141 1.541 1.545 rp 159 58723.7858024 18.26035 0.014 0.033
cpt1m012-fa06-20190828-0084-e91 5.0170 4.0142 1.552 1.174 rp 160 58723.8472877 18.32485 0.013 0.027
cpt1m012-fa06-20190828-0085-e91 5.0170 4.0142 1.553 1.167 rp 159 58723.8494435 18.30585 0.013 0.026
cpt1m012-fa06-20190828-0086-e91 5.0170 4.0142 1.553 1.159 rp 160 58723.8516113 18.32960 0.013 0.024
cpt1m012-fa06-20190828-0088-e91 5.0170 4.0142 1.554 1.139 rp 160 58723.8580906 18.33235 0.013 0.025
cpt1m012-fa06-20190828-0089-e91 5.0170 4.0142 1.555 1.133 rp 159 58723.8602582 18.31230 0.013 0.028
cpt1m012-fa06-20190828-0090-e91 5.0170 4.0142 1.555 1.127 rp 159 58723.8624258 18.36950 0.015 0.040
cpt1m012-fa06-20190828-0106-e91 5.0170 4.0143 1.564 1.048 rp 159 58723.9114937 18.39740 0.013 0.042
cpt1m012-fa06-20190828-0107-e91 5.0170 4.0143 1.564 1.047 rp 159 58723.9136497 18.42375 0.013 0.037
cpt1m012-fa06-20190828-0108-e91 5.0170 4.0143 1.565 1.046 rp 159 58723.9158056 18.42070 0.012 0.046
cpt1m012-fa06-20190828-0132-e91 5.0168 4.0145 1.597 1.754 rp 159 58724.0926731 18.55430 0.017 0.056
cpt1m012-fa06-20190828-0133-e91 5.0168 4.0145 1.598 1.784 rp 159 58724.0948404 18.56130 0.017 0.049
cpt1m012-fa06-20190828-0134-e91 5.0168 4.0145 1.598 1.814 rp 159 58724.0970084 18.50465 0.016 0.043
lsc1m004-fa03-20190828-0181-e91 5.0168 4.0145 1.599 1.147 rp 159 58724.1059979 18.56020 0.015 0.038
lsc1m004-fa03-20190828-0182-e91 5.0168 4.0145 1.600 1.140 rp 159 58724.1081654 18.57440 0.015 0.041
lsc1m004-fa03-20190828-0183-e91 5.0168 4.0145 1.600 1.133 rp 159 58724.1103214 18.55770 0.015 0.031
elp1m008-fa05-20190828-0172-e91 5.0166 4.0149 1.646 1.710 rp 160 58724.3558643 18.38695 0.019 0.046
elp1m008-fa05-20190828-0173-e91 5.0166 4.0149 1.647 1.726 rp 159 58724.3580205 18.41630 0.018 0.042
elp1m008-fa05-20190828-0174-e91 5.0166 4.0149 1.647 1.743 rp 159 58724.3601766 18.37260 0.020 0.046
cpt1m013-fa14-20190829-0083-e91 5.0163 4.0155 1.727 1.475 rp 160 58724.7904034 18.29585 0.015 0.067
cpt1m013-fa14-20190829-0084-e91 5.0163 4.0155 1.727 1.458 rp 160 58724.7925593 18.32340 0.017 0.075
cpt1m013-fa14-20190829-0085-e91 5.0163 4.0155 1.728 1.440 rp 160 58724.7947154 18.31830 0.016 0.067
cpt1m012-fa06-20190829-0087-e91 5.0162 4.0157 1.750 1.048 rp 160 58724.9087409 18.57235 0.015 0.106
cpt1m012-fa06-20190829-0089-e91 5.0162 4.0157 1.750 1.045 rp 159 58724.9130529 18.62870 0.016 0.083
cpt1m010-fa16-20190829-0216-e91 5.0161 4.0160 1.784 1.705 rp 160 58725.0858827 18.47970 0.025 0.090
cpt1m010-fa16-20190829-0217-e91 5.0161 4.0160 1.784 1.733 rp 160 58725.0880387 18.56490 0.027 0.080
cpt1m010-fa16-20190829-0218-e91 5.0161 4.0160 1.784 1.761 rp 160 58725.0901911 18.57270 0.027 0.104
lsc1m004-fa03-20190830-0084-e91 5.0154 4.0177 1.968 1.441 rp 159 58726.0441784 18.50705 0.014 0.040
lsc1m004-fa03-20190830-0085-e91 5.0154 4.0177 1.968 1.424 rp 160 58726.0463418 18.49730 0.014 0.041
lsc1m004-fa03-20190830-0200-e91 5.0153 4.0181 2.017 1.304 rp 159 58726.2910291 18.47225 0.013 0.049
lsc1m004-fa03-20190830-0201-e91 5.0153 4.0181 2.017 1.316 rp 160 58726.2931822 18.51695 0.013 0.044
lsc1m004-fa03-20190830-0202-e91 5.0152 4.0181 2.018 1.330 rp 160 58726.2953490 18.53800 0.013 0.052
coj1m011-fa12-20190831-0253-e91 5.0150 4.0189 2.091 1.244 rp 159 58726.6669005 18.35740 0.014 0.033
coj1m011-fa12-20190831-0254-e91 5.0150 4.0189 2.091 1.254 rp 159 58726.6690657 18.42350 0.015 0.047
coj1m011-fa12-20190831-0255-e91 5.0150 4.0189 2.092 1.265 rp 159 58726.6712173 18.38290 0.014 0.043
cpt1m012-fa06-20190831-0060-e91 5.0149 4.0191 2.110 1.649 rp 159 58726.7664213 18.47485 0.015 0.043
cpt1m012-fa06-20190831-0061-e91 5.0149 4.0191 2.110 1.625 rp 159 58726.7685747 18.49120 0.016 0.046
cpt1m012-fa06-20190831-0062-e91 5.0149 4.0191 2.111 1.602 rp 159 58726.7707311 18.50545 0.016 0.046
cpt1m013-fa14-20190831-0092-e91 5.0149 4.0192 2.120 1.247 rp 160 58726.8198518 18.63570 0.021 0.072
cpt1m013-fa14-20190831-0093-e91 5.0149 4.0192 2.121 1.237 rp 160 58726.8220081 18.64480 0.020 0.070
cpt1m013-fa14-20190831-0094-e91 5.0149 4.0192 2.121 1.228 rp 160 58726.8241648 18.63590 0.021 0.070
cpt1m013-fa14-20190831-0170-e91 5.0148 4.0196 2.154 1.121 rp 160 58726.9863475 18.61620 0.016 0.066
cpt1m013-fa14-20190831-0171-e91 5.0147 4.0196 2.154 1.127 rp 160 58726.9885036 18.56830 0.016 0.071
cpt1m013-fa14-20190831-0172-e91 5.0147 4.0196 2.155 1.133 rp 160 58726.9906481 18.57820 0.016 0.058
lsc1m005-fa15-20190831-0105-e91 5.0147 4.0198 2.178 1.104 rp 160 58727.1115544 18.37660 0.013 0.063
lsc1m005-fa15-20190831-0106-e91 5.0147 4.0198 2.179 1.099 rp 159 58727.1137107 18.40565 0.014 0.069
lsc1m005-fa15-20190831-0107-e91 5.0147 4.0199 2.179 1.094 rp 159 58727.1158550 18.41515 0.013 0.059
lsc1m004-fa03-20190831-0081-e91 5.0146 4.0201 2.201 1.072 rp 159 58727.2224306 18.47770 0.013 0.035
lsc1m004-fa03-20190831-0082-e91 5.0146 4.0201 2.201 1.076 rp 159 58727.2245868 18.47860 0.012 0.042
lsc1m004-fa03-20190831-0083-e91 5.0146 4.0201 2.202 1.080 rp 159 58727.2267427 18.48480 0.012 0.040
lsc1m004-fa03-20190831-0087-e91 5.0146 4.0202 2.207 1.142 rp 159 58727.2510861 18.56945 0.014 0.038
lsc1m004-fa03-20190831-0088-e91 5.0146 4.0202 2.207 1.149 rp 160 58727.2532426 18.54725 0.014 0.036
lsc1m004-fa03-20190831-0089-e91 5.0146 4.0202 2.207 1.156 rp 159 58727.2553986 18.59825 0.014 0.032
coj1m011-fa12-20190901-0107-e91 5.0144 4.0208 2.263 1.047 rp 159 58727.5368295 18.45040 0.013 0.033
coj1m011-fa12-20190901-0108-e91 5.0144 4.0208 2.264 1.045 rp 159 58727.5389856 18.44700 0.013 0.031
coj1m011-fa12-20190901-0109-e91 5.0144 4.0208 2.264 1.044 rp 160 58727.5411532 18.43915 0.013 0.032
coj1m011-fa12-20190901-0197-e91 5.0142 4.0213 2.300 1.672 rp 159 58727.7191267 18.57240 0.015 0.030
coj1m011-fa12-20190901-0198-e91 5.0142 4.0213 2.300 1.698 rp 159 58727.7212829 18.57705 0.015 0.029
coj1m011-fa12-20190901-0199-e91 5.0142 4.0213 2.301 1.726 rp 159 58727.7234517 18.59400 0.015 0.030
cpt1m013-fa14-20190901-0067-e91 5.0142 4.0213 2.305 1.891 rp 160 58727.7455302 18.59710 0.029 0.119
cpt1m012-fa06-20190901-0073-e91 5.0142 4.0215 2.317 1.289 rp 159 58727.8084476 18.69570 0.015 0.065
cpt1m012-fa06-20190901-0074-e91 5.0142 4.0215 2.318 1.278 rp 159 58727.8106028 18.69910 0.015 0.086
cpt1m012-fa06-20190901-0075-e91 5.0142 4.0215 2.318 1.266 rp 159 58727.8127668 18.70820 0.014 0.080
cpt1m012-fa06-20190901-0076-e91 5.0141 4.0215 2.321 1.204 rp 159 58727.8265314 18.70840 0.015 0.068
cpt1m012-fa06-20190901-0077-e91 5.0141 4.0215 2.321 1.196 rp 160 58727.8286861 18.72405 0.015 0.063
cpt1m012-fa06-20190901-0078-e91 5.0141 4.0215 2.322 1.188 rp 159 58727.8308472 18.68895 0.015 0.066
cpt1m013-fa14-20190901-0131-e91 5.0141 4.0217 2.339 1.041 rp 160 58727.9143261 18.64190 0.016 0.043
cpt1m013-fa14-20190901-0145-e91 5.0141 4.0218 2.346 1.062 rp 160 58727.9518636 18.55290 0.015 0.044
cpt1m013-fa14-20190901-0146-e91 5.0141 4.0218 2.347 1.065 rp 160 58727.9540078 18.54250 0.014 0.055
cpt1m013-fa14-20190901-0147-e91 5.0141 4.0218 2.347 1.068 rp 160 58727.9561637 18.51850 0.014 0.054
cpt1m013-fa14-20190901-0189-e91 5.0140 4.0220 2.359 1.220 rp 160 58728.0126682 18.42405 0.014 0.047
cpt1m013-fa14-20190901-0190-e91 5.0140 4.0220 2.359 1.229 rp 160 58728.0148127 18.42830 0.014 0.045
cpt1m013-fa14-20190901-0191-e91 5.0140 4.0220 2.360 1.239 rp 160 58728.0169699 18.39940 0.013 0.043
cpt1m013-fa14-20190901-0213-e91 5.0140 4.0221 2.368 1.487 rp 160 58728.0558266 18.34600 0.014 0.033
cpt1m013-fa14-20190901-0214-e91 5.0140 4.0221 2.368 1.505 rp 160 58728.0579825 18.37500 0.014 0.035
cpt1m013-fa14-20190901-0215-e91 5.0140 4.0221 2.368 1.525 rp 160 58728.0601386 18.36440 0.014 0.031
cpt1m013-fa14-20190901-0226-e91 5.0140 4.0221 2.372 1.703 rp 160 58728.0766676 18.37565 0.016 0.032
cpt1m013-fa14-20190901-0227-e91 5.0140 4.0221 2.372 1.730 rp 160 58728.0788119 18.36410 0.017 0.036
cpt1m013-fa14-20190901-0228-e91 5.0140 4.0221 2.373 1.759 rp 160 58728.0809680 18.42105 0.020 0.043
lsc1m005-fa15-20190901-0011-e91 5.0138 4.0225 2.405 1.127 rp 159 58728.2432655 18.69180 0.014 0.042
lsc1m005-fa15-20190901-0012-e91 5.0138 4.0225 2.405 1.134 rp 159 58728.2454204 18.67520 0.014 0.042
lsc1m005-fa15-20190901-0013-e91 5.0138 4.0225 2.406 1.140 rp 159 58728.2475831 18.67420 0.015 0.037
lsc1m004-fa03-20190901-0409-e91 5.0138 4.0228 2.422 1.681 rp 159 58728.3289389 18.84080 0.020 0.047
lsc1m004-fa03-20190901-0410-e91 5.0138 4.0228 2.423 1.708 rp 159 58728.3310978 18.84180 0.020 0.048
elp1m008-fa05-20190901-0178-e91 5.0138 4.0228 2.425 1.677 rp 160 58728.3378816 18.80020 0.026 0.052
elp1m008-fa05-20190901-0180-e91 5.0138 4.0228 2.425 1.706 rp 160 58728.3421937 18.81060 0.042 0.065
coj1m011-fa12-20190902-0119-e91 5.0136 4.0234 2.470 1.036 rp 159 58728.5646921 18.44610 0.011 0.025
coj1m011-fa12-20190902-0120-e91 5.0136 4.0234 2.470 1.036 rp 159 58728.5668388 18.44760 0.012 0.028
coj1m011-fa12-20190902-0121-e91 5.0136 4.0234 2.470 1.037 rp 159 58728.5689973 18.46920 0.013 0.027
coj1m011-fa12-20190902-0167-e91 5.0135 4.0236 2.489 1.239 rp 159 58728.6599401 18.54660 0.013 0.030
coj1m011-fa12-20190902-0168-e91 5.0135 4.0236 2.490 1.250 rp 159 58728.6621076 18.54930 0.013 0.029
coj1m011-fa12-20190902-0169-e91 5.0135 4.0236 2.490 1.260 rp 159 58728.6642637 18.55360 0.013 0.026
coj1m011-fa12-20190902-0195-e91 5.0135 4.0237 2.498 1.520 rp 159 58728.7017638 18.66140 0.017 0.037
coj1m011-fa12-20190902-0196-e91 5.0135 4.0237 2.498 1.541 rp 159 58728.7039219 18.66060 0.017 0.029
coj1m011-fa12-20190902-0197-e91 5.0135 4.0238 2.498 1.562 rp 159 58728.7060801 18.65240 0.016 0.031
cpt1m013-fa14-20190902-0138-e91 5.0133 4.0244 2.548 1.065 rp 160 58728.9516288 18.45730 0.014 0.054
cpt1m013-fa14-20190902-0139-e91 5.0133 4.0244 2.548 1.068 rp 160 58728.9537933 18.45515 0.014 0.058
cpt1m013-fa14-20190902-0140-e91 5.0133 4.0244 2.549 1.071 rp 160 58728.9559546 18.46350 0.014 0.068
cpt1m012-fa06-20190902-0195-e91 5.0133 4.0247 2.567 1.447 rp 159 58729.0479877 18.38570 0.014 0.041
cpt1m010-fa16-20190902-0300-e91 5.0133 4.0247 2.567 1.448 rp 160 58729.0481493 18.36710 0.014 0.043
cpt1m012-fa06-20190902-0196-e91 5.0133 4.0247 2.568 1.464 rp 160 58729.0501403 18.37680 0.013 0.038
cpt1m010-fa16-20190902-0301-e91 5.0133 4.0247 2.568 1.465 rp 160 58729.0503016 18.39900 0.014 0.039
cpt1m012-fa06-20190902-0197-e91 5.0133 4.0247 2.568 1.482 rp 159 58729.0522987 18.40775 0.014 0.038
cpt1m010-fa16-20190902-0302-e91 5.0133 4.0247 2.568 1.483 rp 160 58729.0524529 18.39560 0.015 0.037
cpt1m012-fa06-20190902-0208-e91 5.0133 4.0247 2.571 1.580 rp 159 58729.0627650 18.40795 0.015 0.034
cpt1m010-fa16-20190902-0313-e91 5.0133 4.0247 2.571 1.580 rp 160 58729.0627870 18.42150 0.016 0.055
cpt1m012-fa06-20190902-0209-e91 5.0133 4.0247 2.571 1.602 rp 160 58729.0649210 18.40510 0.015 0.032
cpt1m010-fa16-20190902-0314-e91 5.0133 4.0247 2.571 1.603 rp 160 58729.0649356 18.42110 0.016 0.044
cpt1m012-fa06-20190902-0210-e91 5.0133 4.0247 2.571 1.626 rp 159 58729.0670838 18.38180 0.015 0.034
cpt1m010-fa16-20190902-0315-e91 5.0133 4.0247 2.571 1.626 rp 160 58729.0671205 18.44360 0.016 0.055
lsc1m004-fa03-20190902-0137-e91 5.0132 4.0248 2.573 1.199 rp 159 58729.0759490 18.44970 0.013 0.031
lsc1m004-fa03-20190902-0138-e91 5.0132 4.0248 2.573 1.190 rp 160 58729.0781109 18.45210 0.013 0.030
lsc1m004-fa03-20190902-0139-e91 5.0132 4.0248 2.574 1.182 rp 159 58729.0802803 18.42530 0.013 0.025
lsc1m004-fa03-20190902-0145-e91 5.0132 4.0248 2.578 1.105 rp 159 58729.1045875 18.45910 0.013 0.023
lsc1m004-fa03-20190902-0146-e91 5.0132 4.0248 2.579 1.100 rp 159 58729.1067402 18.45525 0.012 0.024
lsc1m004-fa03-20190902-0147-e91 5.0132 4.0248 2.579 1.095 rp 159 58729.1089048 18.45580 0.012 0.026
lsc1m005-fa15-20190902-0107-e91 5.0132 4.0248 2.579 1.094 rp 159 58729.1093198 18.46805 0.011 0.041
lsc1m005-fa15-20190902-0108-e91 5.0132 4.0249 2.580 1.089 rp 160 58729.1114755 18.48400 0.012 0.036
lsc1m005-fa15-20190902-0109-e91 5.0132 4.0249 2.580 1.085 rp 160 58729.1136359 18.46765 0.011 0.037
lsc1m005-fa15-20190902-0131-e91 5.0132 4.0250 2.589 1.033 rp 159 58729.1565901 18.59100 0.012 0.027
lsc1m005-fa15-20190902-0132-e91 5.0132 4.0250 2.590 1.032 rp 159 58729.1587396 18.55215 0.011 0.027
lsc1m005-fa15-20190902-0133-e91 5.0132 4.0250 2.590 1.031 rp 159 58729.1608983 18.55860 0.012 0.024
lsc1m005-fa15-20190902-0240-e91 5.0131 4.0254 2.621 1.538 rp 160 58729.3128414 18.78760 0.063 0.091
elp1m008-fa05-20190902-0176-e91 5.0130 4.0256 2.630 1.837 rp 159 58729.3544921 18.66940 0.020 0.044
elp1m008-fa05-20190902-0177-e91 5.0130 4.0256 2.630 1.859 rp 159 58729.3566494 18.69060 0.021 0.037
elp1m008-fa05-20190902-0178-e91 5.0130 4.0256 2.631 1.881 rp 159 58729.3587994 18.62270 0.019 0.040
coj1m011-fa12-20190903-0080-e91 5.0130 4.0258 2.644 1.393 rp 160 58729.4296094 18.57635 0.016 0.032
coj1m011-fa12-20190903-0081-e91 5.0130 4.0258 2.644 1.377 rp 159 58729.4317776 18.53215 0.015 0.029
coj1m011-fa12-20190903-0082-e91 5.0130 4.0258 2.645 1.363 rp 160 58729.4339452 18.55480 0.015 0.030
cpt1m013-fa14-20190903-0070-e91 5.0128 4.0267 2.708 1.777 rp 160 58729.7468535 18.77560 0.025 0.050
cpt1m013-fa14-20190903-0071-e91 5.0128 4.0267 2.709 1.748 rp 160 58729.7489980 18.79730 0.025 0.045
cpt1m013-fa14-20190903-0072-e91 5.0128 4.0267 2.709 1.720 rp 160 58729.7511657 18.82640 0.027 0.044
cpt1m012-fa06-20190903-0058-e91 5.0128 4.0267 2.712 1.592 rp 160 58729.7622824 18.78230 0.023 0.052
cpt1m012-fa06-20190903-0059-e91 5.0128 4.0268 2.712 1.569 rp 159 58729.7644383 18.79640 0.022 0.052
cpt1m012-fa06-20190903-0060-e91 5.0128 4.0268 2.712 1.548 rp 159 58729.7665947 18.78570 0.021 0.052
cpt1m013-fa14-20190903-0080-e91 5.0127 4.0268 2.713 1.505 rp 160 58729.7712660 18.77920 0.022 0.079
cpt1m013-fa14-20190903-0081-e91 5.0127 4.0268 2.714 1.486 rp 160 58729.7734219 18.81705 0.024 0.065
cpt1m013-fa14-20190903-0082-e91 5.0127 4.0268 2.714 1.468 rp 160 58729.7755795 18.77320 0.022 0.060
cpt1m013-fa14-20190903-0083-e91 5.0127 4.0268 2.715 1.422 rp 160 58729.7814099 18.78390 0.022 0.068
cpt1m013-fa14-20190903-0084-e91 5.0127 4.0268 2.716 1.406 rp 160 58729.7835773 18.76805 0.022 0.061
cpt1m013-fa14-20190903-0085-e91 5.0127 4.0268 2.716 1.390 rp 160 58729.7857332 18.78720 0.023 0.057
cpt1m013-fa14-20190903-0105-e91 5.0127 4.0270 2.726 1.156 rp 160 58729.8335211 18.68640 0.018 0.056
cpt1m013-fa14-20190903-0106-e91 5.0127 4.0270 2.727 1.149 rp 160 58729.8357002 18.66810 0.018 0.056
cpt1m013-fa14-20190903-0107-e91 5.0127 4.0270 2.727 1.143 rp 160 58729.8378561 18.66095 0.018 0.045
cpt1m013-fa14-20190903-0108-e91 5.0127 4.0270 2.728 1.133 rp 160 58729.8412929 18.62755 0.017 0.042
cpt1m013-fa14-20190903-0109-e91 5.0127 4.0270 2.728 1.127 rp 160 58729.8434490 18.67735 0.018 0.050
cpt1m013-fa14-20190903-0110-e91 5.0127 4.0270 2.728 1.121 rp 160 58729.8456050 18.65340 0.018 0.045
cpt1m013-fa14-20190903-0112-e91 5.0127 4.0270 2.730 1.100 rp 160 58729.8545655 18.60380 0.016 0.054
cpt1m013-fa14-20190903-0113-e91 5.0127 4.0270 2.731 1.095 rp 160 58729.8567330 18.58500 0.016 0.050
cpt1m013-fa14-20190903-0114-e91 5.0127 4.0270 2.731 1.091 rp 160 58729.8589009 18.58290 0.016 0.050
cpt1m010-fa16-20190903-0097-e91 5.0127 4.0271 2.734 1.070 rp 160 58729.8707777 18.57515 0.014 0.058
cpt1m010-fa16-20190903-0098-e91 5.0127 4.0271 2.734 1.067 rp 160 58729.8729477 18.55000 0.014 0.063
cpt1m010-fa16-20190903-0099-e91 5.0127 4.0271 2.735 1.064 rp 160 58729.8751007 18.56295 0.014 0.063
cpt1m013-fa14-20190903-0137-e91 5.0126 4.0272 2.742 1.041 rp 160 58729.9126755 18.50390 0.013 0.099
cpt1m013-fa14-20190903-0138-e91 5.0126 4.0272 2.743 1.041 rp 160 58729.9148199 18.49450 0.014 0.099
cpt1m013-fa14-20190903-0139-e91 5.0126 4.0272 2.743 1.041 rp 160 58729.9169759 18.47180 0.014 0.083
cpt1m013-fa14-20190903-0140-e91 5.0126 4.0272 2.744 1.042 rp 160 58729.9202911 18.48615 0.013 0.092
cpt1m013-fa14-20190903-0141-e91 5.0126 4.0272 2.744 1.043 rp 160 58729.9224359 18.46035 0.013 0.098
cpt1m013-fa14-20190903-0142-e91 5.0126 4.0272 2.745 1.044 rp 160 58729.9246038 18.47000 0.014 0.103
cpt1m013-fa14-20190903-0143-e91 5.0126 4.0272 2.745 1.046 rp 160 58729.9281044 18.47470 0.013 0.103
cpt1m013-fa14-20190903-0144-e91 5.0126 4.0272 2.746 1.047 rp 160 58729.9302497 18.46535 0.013 0.103
cpt1m013-fa14-20190903-0145-e91 5.0126 4.0272 2.746 1.048 rp 160 58729.9324058 18.48245 0.013 0.108
cpt1m013-fa14-20190903-0149-e91 5.0126 4.0273 2.748 1.054 rp 160 58729.9388048 18.47300 0.013 0.116
cpt1m013-fa14-20190903-0165-e91 5.0126 4.0274 2.754 1.103 rp 160 58729.9699167 18.40520 0.013 0.037
cpt1m013-fa14-20190903-0166-e91 5.0126 4.0274 2.755 1.108 rp 160 58729.9720726 18.37710 0.013 0.045
cpt1m013-fa14-20190903-0167-e91 5.0126 4.0274 2.755 1.113 rp 160 58729.9742170 18.36280 0.013 0.042
lsc1m004-fa03-20190903-0147-e91 5.0125 4.0278 2.781 1.098 rp 159 58730.1046273 18.58610 0.015 0.031
lsc1m004-fa03-20190903-0148-e91 5.0125 4.0278 2.782 1.093 rp 159 58730.1067817 18.58190 0.015 0.027
lsc1m004-fa03-20190903-0149-e91 5.0125 4.0278 2.782 1.088 rp 159 58730.1089423 18.60090 0.015 0.027
lsc1m004-fa03-20190903-0179-e91 5.0125 4.0279 2.790 1.036 rp 159 58730.1461319 18.65935 0.014 0.021
lsc1m004-fa03-20190903-0180-e91 5.0125 4.0279 2.790 1.035 rp 159 58730.1482938 18.67625 0.014 0.023
lsc1m004-fa03-20190903-0181-e91 5.0125 4.0279 2.791 1.034 rp 160 58730.1504494 18.66510 0.014 0.023
lsc1m004-fa03-20190903-0200-e91 5.0124 4.0280 2.799 1.041 rp 160 58730.1900445 18.77300 0.015 0.027
lsc1m004-fa03-20190903-0201-e91 5.0124 4.0280 2.799 1.043 rp 159 58730.1922003 18.76640 0.015 0.028
lsc1m009-fa04-20190903-0178-e91 5.0124 4.0281 2.800 1.045 rp 159 58730.1942841 18.73720 0.013 0.109
lsc1m004-fa03-20190903-0202-e91 5.0124 4.0281 2.800 1.045 rp 159 58730.1943707 18.76540 0.015 0.026
lsc1m009-fa04-20190903-0179-e91 5.0124 4.0281 2.800 1.047 rp 159 58730.1964364 18.78475 0.013 0.106
lsc1m009-fa04-20190903-0180-e91 5.0124 4.0281 2.800 1.050 rp 159 58730.1985955 18.78425 0.013 0.109
lsc1m009-fa04-20190903-0224-e91 5.0124 4.0282 2.810 1.146 rp 159 58730.2432585 18.78230 0.014 0.065
lsc1m004-fa03-20190903-0242-e91 5.0124 4.0282 2.810 1.146 rp 159 58730.2434488 18.80550 0.015 0.033
lsc1m009-fa04-20190903-0225-e91 5.0124 4.0282 2.810 1.153 rp 159 58730.2454259 18.79700 0.015 0.074
lsc1m004-fa03-20190903-0243-e91 5.0124 4.0282 2.810 1.154 rp 160 58730.2456082 18.80920 0.016 0.032
lsc1m009-fa04-20190903-0226-e91 5.0124 4.0282 2.811 1.160 rp 159 58730.2475703 18.81220 0.014 0.085
lsc1m004-fa03-20190903-0244-e91 5.0124 4.0282 2.811 1.161 rp 160 58730.2477737 18.81480 0.015 0.034
lsc1m004-fa03-20190903-0265-e91 5.0124 4.0283 2.815 1.261 rp 159 58730.2711128 18.84760 0.018 0.034
lsc1m009-fa04-20190903-0247-e91 5.0124 4.0283 2.815 1.261 rp 160 58730.2712406 18.76660 0.016 0.082
lsc1m004-fa03-20190903-0266-e91 5.0124 4.0283 2.816 1.272 rp 159 58730.2732689 18.82040 0.020 0.034
lsc1m009-fa04-20190903-0248-e91 5.0124 4.0283 2.816 1.273 rp 159 58730.2733963 18.76960 0.017 0.063
lsc1m004-fa03-20190903-0267-e91 5.0124 4.0283 2.816 1.283 rp 159 58730.2754248 18.79690 0.018 0.034
lsc1m009-fa04-20190903-0249-e91 5.0124 4.0283 2.816 1.284 rp 159 58730.2755442 18.79980 0.017 0.061
lsc1m004-fa03-20190903-0291-e91 5.0124 4.0284 2.824 1.567 rp 160 58730.3128048 18.74280 0.017 0.037
lsc1m004-fa03-20190903-0292-e91 5.0124 4.0284 2.824 1.590 rp 159 58730.3149684 18.68560 0.016 0.036
lsc1m004-fa03-20190903-0293-e91 5.0124 4.0285 2.825 1.614 rp 159 58730.3171317 18.67990 0.017 0.039
lsc1m004-fa03-20190903-0294-e91 5.0124 4.0285 2.825 1.652 rp 160 58730.3204472 18.65900 0.016 0.034
lsc1m004-fa03-20190903-0295-e91 5.0124 4.0285 2.826 1.678 rp 159 58730.3226133 18.70580 0.017 0.035
lsc1m004-fa03-20190903-0296-e91 5.0124 4.0285 2.826 1.705 rp 159 58730.3247715 18.68540 0.017 0.035
elp1m008-fa05-20190903-0184-e91 5.0123 4.0286 2.833 1.869 rp 159 58730.3544161 18.61170 0.019 0.071
elp1m008-fa05-20190903-0185-e91 5.0123 4.0286 2.833 1.892 rp 160 58730.3565607 18.56500 0.019 0.064
elp1m008-fa05-20190903-0186-e91 5.0123 4.0286 2.833 1.916 rp 159 58730.3587168 18.63790 0.020 0.060
coj1m011-fa12-20190904-0106-e91 5.0122 4.0290 2.861 1.093 rp 159 58730.4967574 18.47625 0.013 0.024
coj1m011-fa12-20190904-0107-e91 5.0122 4.0290 2.861 1.089 rp 159 58730.4989156 18.47640 0.014 0.030
coj1m011-fa12-20190904-0108-e91 5.0122 4.0290 2.862 1.084 rp 159 58730.5010736 18.49050 0.013 0.030
coj1m011-fa12-20190904-0110-e91 5.0122 4.0290 2.863 1.074 rp 159 58730.5068252 18.51000 0.013 0.031
coj1m011-fa12-20190904-0111-e91 5.0122 4.0290 2.863 1.070 rp 159 58730.5089929 18.48015 0.013 0.028
coj1m011-fa12-20190904-0112-e91 5.0122 4.0291 2.864 1.067 rp 159 58730.5111489 18.49760 0.013 0.026
lsc1m005-fa15-20190904-0068-e91 5.0119 4.0307 2.963 1.737 rp 159 58731.0002139 18.51170 0.022 0.052
lsc1m005-fa15-20190904-0069-e91 5.0119 4.0307 2.963 1.708 rp 159 58731.0023717 18.48150 0.027 0.062
lsc1m005-fa15-20190904-0070-e91 5.0119 4.0307 2.964 1.681 rp 159 58731.0045276 18.51010 0.023 0.058
lsc1m004-fa03-20190904-0048-e91 5.0118 4.0308 2.970 1.391 rp 159 58731.0350314 18.51095 0.018 0.034
lsc1m004-fa03-20190904-0049-e91 5.0118 4.0308 2.970 1.376 rp 159 58731.0371873 18.52870 0.019 0.032
lsc1m004-fa03-20190904-0050-e91 5.0118 4.0308 2.971 1.361 rp 159 58731.0393433 18.56705 0.021 0.035
lsc1m004-fa03-20190904-0051-e91 5.0118 4.0308 2.972 1.332 rp 159 58731.0438294 18.60870 0.022 0.039
lsc1m004-fa03-20190904-0052-e91 5.0118 4.0308 2.972 1.318 rp 159 58731.0459855 18.58710 0.021 0.037
lsc1m004-fa03-20190904-0053-e91 5.0118 4.0308 2.973 1.305 rp 159 58731.0481417 18.56375 0.020 0.035
lsc1m005-fa15-20190904-0081-e91 5.0118 4.0310 2.987 1.068 rp 159 58731.1159592 18.60730 0.018 0.051
lsc1m005-fa15-20190904-0082-e91 5.0118 4.0311 2.987 1.065 rp 159 58731.1181270 18.65555 0.019 0.046
lsc1m005-fa15-20190904-0083-e91 5.0118 4.0311 2.987 1.061 rp 159 58731.1202808 18.64610 0.019 0.053
elp1m008-fa05-20190904-0087-e91 5.0117 4.0313 3.002 1.625 rp 160 58731.1889012 18.81580 0.022 0.044
elp1m008-fa05-20190904-0088-e91 5.0117 4.0313 3.002 1.613 rp 159 58731.1910520 18.85080 0.022 0.042
elp1m008-fa05-20190904-0089-e91 5.0117 4.0313 3.003 1.602 rp 159 58731.1932096 18.81480 0.021 0.039
lsc1m004-fa03-20190904-0302-e91 5.0117 4.0316 3.019 1.297 rp 159 58731.2747546 18.68890 0.035 0.065
lsc1m005-fa15-20190905-0136-e91 5.0110 4.0350 3.214 1.130 rp 159 58732.2321252 18.69425 0.063 0.090
lsc1m005-fa15-20190905-0137-e91 5.0110 4.0350 3.214 1.136 rp 159 58732.2342806 18.73645 0.043 0.060
elp1m008-fa05-20190905-0121-e91 5.0109 4.0352 3.224 1.495 rp 159 58732.2811736 18.61610 0.051 0.074
elp1m008-fa05-20190905-0122-e91 5.0109 4.0352 3.224 1.500 rp 160 58732.2833296 18.57130 0.041 0.062
elp1m008-fa05-20190905-0123-e91 5.0109 4.0352 3.225 1.505 rp 159 58732.2854855 18.51205 0.037 0.059
elp1m008-fa05-20190905-0142-e91 5.0109 4.0353 3.231 1.612 rp 160 58732.3136073 18.53080 0.046 0.091
lsc1m009-fa04-20190919-0213-e91 5.0009 4.1142 5.955 1.722 rp 199 58746.2781886 18.64170 0.020 0.100
lsc1m009-fa04-20190919-0214-e91 5.0009 4.1142 5.955 1.757 rp 199 58746.2808084 18.67930 0.022 0.089
lsc1m009-fa04-20190919-0215-e91 5.0009 4.1142 5.956 1.794 rp 199 58746.2834400 18.59700 0.020 0.096
coj1m011-fa12-20190920-0064-e91 5.0008 4.1153 5.983 1.124 rp 199 58746.4344453 18.95790 0.032 0.049
coj1m011-fa12-20190920-0065-e91 5.0008 4.1153 5.983 1.117 rp 199 58746.4370675 18.90950 0.023 0.042
coj1m011-fa12-20190920-0066-e91 5.0008 4.1154 5.984 1.110 rp 199 58746.4397013 19.00410 0.021 0.036
coj1m011-fa12-20190920-0082-e91 5.0007 4.1159 5.996 1.033 rp 199 58746.5072793 18.94555 0.033 0.054
coj1m011-fa12-20190920-0083-e91 5.0007 4.1159 5.997 1.033 rp 200 58746.5099017 19.03605 0.028 0.044
coj1m011-fa12-20190920-0084-e91 5.0007 4.1159 5.997 1.034 rp 200 58746.5125239 18.90280 0.071 0.097
cpt1m012-fa06-20190920-0084-e91 5.0005 4.1187 6.063 1.042 rp 199 58746.8754573 18.76555 0.017 0.070
cpt1m012-fa06-20190920-0085-e91 5.0005 4.1187 6.064 1.044 rp 199 58746.8780791 18.75560 0.016 0.078
cpt1m012-fa06-20190920-0086-e91 5.0005 4.1187 6.064 1.045 rp 199 58746.8806993 18.81080 0.019 0.065
cpt1m010-fa16-20190920-0210-e91 5.0004 4.1195 6.084 1.391 rp 200 58746.9867778 19.02810 0.036 0.072
cpt1m010-fa16-20190920-0211-e91 5.0004 4.1195 6.084 1.410 rp 200 58746.9893995 18.97000 0.034 0.071
cpt1m010-fa16-20190920-0212-e91 5.0004 4.1196 6.085 1.429 rp 200 58746.9920090 18.93300 0.030 0.075
lsc1m004-fa03-20190920-0057-e91 5.0004 4.1199 6.093 1.123 rp 199 58747.0421347 18.82405 0.016 0.027
lsc1m004-fa03-20190920-0058-e91 5.0004 4.1199 6.094 1.115 rp 200 58747.0447470 18.86170 0.017 0.026
lsc1m004-fa03-20190920-0059-e91 5.0004 4.1200 6.094 1.108 rp 199 58747.0473783 18.83045 0.016 0.029
lsc1m004-fa03-20190920-0104-e91 5.0003 4.1206 6.109 1.030 rp 199 58747.1252918 18.64530 0.014 0.024
lsc1m004-fa03-20190920-0105-e91 5.0003 4.1206 6.109 1.031 rp 199 58747.1279234 18.59750 0.013 0.028
lsc1m004-fa03-20190920-0106-e91 5.0003 4.1206 6.110 1.033 rp 199 58747.1305548 18.62470 0.012 0.025
lsc1m005-fa15-20190920-0187-e91 5.0002 4.1215 6.131 1.430 rp 199 58747.2467714 18.66920 0.021 0.040
lsc1m005-fa15-20190920-0188-e91 5.0002 4.1215 6.131 1.451 rp 200 58747.2493833 18.63940 0.020 0.040
lsc1m005-fa15-20190920-0189-e91 5.0002 4.1216 6.132 1.474 rp 199 58747.2520100 18.65195 0.023 0.050
lsc1m009-fa04-20190921-0076-e91 4.9997 4.1276 6.270 1.164 rp 200 58748.0261345 18.73645 0.017 0.042
lsc1m009-fa04-20190921-0077-e91 4.9997 4.1276 6.271 1.155 rp 199 58748.0287601 18.71210 0.017 0.040
lsc1m009-fa04-20190921-0078-e91 4.9997 4.1276 6.271 1.146 rp 200 58748.0313854 18.72305 0.016 0.052
lsc1m005-fa15-20190921-0078-e91 4.9996 4.1278 6.276 1.080 rp 199 58748.0565022 18.70410 0.015 0.028
lsc1m005-fa15-20190921-0079-e91 4.9996 4.1279 6.276 1.075 rp 200 58748.0591220 18.70000 0.016 0.027
lsc1m005-fa15-20190921-0080-e91 4.9996 4.1279 6.277 1.070 rp 200 58748.0617417 18.68765 0.015 0.029
lsc1m009-fa04-20190921-0105-e91 4.9996 4.1280 6.278 1.056 rp 199 58748.0703376 18.63190 0.015 0.046
lsc1m009-fa04-20190921-0106-e91 4.9996 4.1280 6.279 1.053 rp 199 58748.0729556 18.61535 0.014 0.063
lsc1m009-fa04-20190921-0107-e91 4.9996 4.1280 6.279 1.049 rp 200 58748.0755647 18.60570 0.014 0.060
lsc1m004-fa03-20190921-0193-e91 4.9996 4.1285 6.290 1.038 rp 199 58748.1346440 18.55150 0.013 0.033
lsc1m004-fa03-20190921-0194-e91 4.9996 4.1285 6.290 1.040 rp 199 58748.1372697 18.62060 0.013 0.029
lsc1m004-fa03-20190921-0195-e91 4.9996 4.1285 6.291 1.042 rp 199 58748.1398899 18.59810 0.013 0.033
lsc1m004-fa03-20190921-0225-e91 4.9995 4.1291 6.304 1.229 rp 199 58748.2109584 18.56095 0.013 0.027
lsc1m004-fa03-20190921-0226-e91 4.9995 4.1291 6.304 1.241 rp 199 58748.2135789 18.57120 0.013 0.032
lsc1m004-fa03-20190921-0227-e91 4.9995 4.1291 6.305 1.254 rp 199 58748.2161981 18.60620 0.013 0.033
coj1m011-fa12-20190922-0087-e91 4.9993 4.1311 6.350 1.046 rp 199 58748.4710598 18.87150 0.015 0.029
coj1m011-fa12-20190922-0088-e91 4.9993 4.1312 6.350 1.043 rp 200 58748.4736938 18.86420 0.015 0.029
coj1m011-fa12-20190922-0089-e91 4.9993 4.1312 6.351 1.041 rp 199 58748.4763161 18.89235 0.015 0.030
coj1m011-fa12-20190922-0137-e91 4.9993 4.1320 6.368 1.132 rp 200 58748.5718074 18.64065 0.012 0.027
coj1m011-fa12-20190922-0138-e91 4.9993 4.1320 6.368 1.140 rp 199 58748.5744272 18.63350 0.012 0.025
coj1m011-fa12-20190922-0139-e91 4.9993 4.1320 6.369 1.148 rp 199 58748.5770468 18.66970 0.012 0.026
coj1m011-fa12-20190922-0156-e91 4.9992 4.1324 6.378 1.384 rp 199 58748.6252329 18.62905 0.013 0.026
coj1m011-fa12-20190922-0157-e91 4.9992 4.1324 6.378 1.403 rp 200 58748.6278553 18.60365 0.013 0.028
coj1m011-fa12-20190922-0158-e91 4.9992 4.1324 6.378 1.422 rp 200 58748.6304775 18.64660 0.014 0.028
cpt1m013-fa14-20190922-0068-e91 4.9991 4.1336 6.403 1.167 rp 144 58748.7712729 19.03500 0.078 0.149
lsc1m004-fa03-20190922-0145-e91 4.9988 4.1376 6.489 1.581 rp 200 58749.2573604 18.87520 0.021 0.039
lsc1m004-fa03-20190922-0146-e91 4.9988 4.1376 6.490 1.609 rp 199 58749.2599767 18.90940 0.023 0.033
lsc1m004-fa03-20190922-0147-e91 4.9988 4.1376 6.490 1.639 rp 199 58749.2625912 18.84915 0.020 0.033
cpt1m013-fa14-20190923-0068-e91 4.9984 4.1420 6.582 1.101 rp 200 58749.7918230 18.91680 0.015 0.057
cpt1m013-fa14-20190923-0069-e91 4.9984 4.1420 6.583 1.095 rp 200 58749.7944352 18.92900 0.014 0.066
cpt1m013-fa14-20190923-0070-e91 4.9984 4.1420 6.583 1.090 rp 200 58749.7970591 18.90980 0.015 0.078
cpt1m013-fa14-20190923-0087-e91 4.9983 4.1427 6.597 1.048 rp 200 58749.8752117 18.96650 0.015 0.112
cpt1m013-fa14-20190923-0088-e91 4.9983 4.1427 6.598 1.050 rp 200 58749.8778298 18.93550 0.014 0.108
cpt1m013-fa14-20190923-0089-e91 4.9983 4.1427 6.598 1.053 rp 200 58749.8804471 18.92740 0.014 0.114
cpt1m012-fa06-20190923-0126-e91 4.9982 4.1438 6.620 1.659 rp 199 58750.0073468 18.61750 0.013 0.040
cpt1m012-fa06-20190923-0127-e91 4.9982 4.1438 6.621 1.690 rp 199 58750.0099664 18.59330 0.013 0.040
cpt1m012-fa06-20190923-0128-e91 4.9982 4.1438 6.621 1.723 rp 200 58750.0125861 18.59925 0.013 0.037
lsc1m005-fa15-20190923-0094-e91 4.9982 4.1441 6.626 1.099 rp 199 58750.0421022 18.59240 0.012 0.039
lsc1m005-fa15-20190923-0095-e91 4.9982 4.1441 6.626 1.093 rp 199 58750.0447177 18.63215 0.012 0.038
lsc1m005-fa15-20190923-0096-e91 4.9982 4.1441 6.627 1.087 rp 199 58750.0473408 18.59385 0.012 0.035
elp1m008-fa05-20190923-0118-e91 4.9981 4.1456 6.658 1.507 rp 199 58750.2249194 18.89030 0.022 0.042
elp1m008-fa05-20190923-0119-e91 4.9981 4.1456 6.659 1.513 rp 199 58750.2275378 18.89925 0.021 0.034
elp1m008-fa05-20190923-0120-e91 4.9981 4.1457 6.659 1.519 rp 199 58750.2301551 18.87580 0.020 0.038
coj1m011-fa12-20190924-0200-e91 4.9978 4.1492 6.731 1.657 rp 199 58750.6491754 18.96120 0.080 0.121
coj1m011-fa12-20190924-0201-e91 4.9978 4.1493 6.732 1.688 rp 200 58750.6517978 18.84380 0.039 0.063
cpt1m012-fa06-20190924-0067-e91 4.9977 4.1503 6.753 1.135 rp 199 58750.7755353 18.97690 0.015 0.043
cpt1m012-fa06-20190924-0068-e91 4.9977 4.1503 6.753 1.127 rp 199 58750.7781559 18.94160 0.014 0.046
cpt1m012-fa06-20190924-0069-e91 4.9977 4.1503 6.753 1.120 rp 199 58750.7807755 18.95820 0.014 0.055
lsc1m005-fa15-20190924-0118-e91 4.9975 4.1530 6.806 1.033 rp 199 58751.0836284 18.72700 0.018 0.032
lsc1m005-fa15-20190924-0119-e91 4.9975 4.1530 6.806 1.031 rp 199 58751.0862495 18.75230 0.018 0.037
lsc1m005-fa15-20190924-0120-e91 4.9975 4.1530 6.806 1.030 rp 199 58751.0888712 18.71830 0.018 0.040
lsc1m004-fa03-20190924-0146-e91 4.9974 4.1536 6.818 1.076 rp 199 58751.1537828 18.88790 0.020 0.034
lsc1m004-fa03-20190924-0147-e91 4.9974 4.1536 6.818 1.081 rp 199 58751.1564002 18.87790 0.020 0.032
lsc1m004-fa03-20190924-0148-e91 4.9974 4.1536 6.819 1.087 rp 199 58751.1590126 18.91305 0.018 0.029
lsc1m005-fa15-20190924-0213-e91 4.9973 4.1545 6.835 1.628 rp 200 58751.2557835 19.06290 0.021 0.038
lsc1m005-fa15-20190924-0214-e91 4.9973 4.1545 6.836 1.659 rp 200 58751.2584042 19.10900 0.022 0.037
lsc1m005-fa15-20190924-0215-e91 4.9973 4.1545 6.836 1.691 rp 200 58751.2610382 19.04845 0.021 0.038
coj1m011-fa12-20190925-0083-e91 4.9972 4.1561 6.867 1.073 rp 199 58751.4415911 18.70070 0.015 0.030
coj1m011-fa12-20190925-0084-e91 4.9972 4.1561 6.867 1.069 rp 199 58751.4442248 18.71435 0.018 0.033
coj1m011-fa12-20190925-0085-e91 4.9972 4.1561 6.868 1.065 rp 199 58751.4468470 18.72290 0.018 0.035
coj1m011-fa12-20190925-0094-e91 4.9972 4.1563 6.871 1.039 rp 199 58751.4690910 18.66860 0.015 0.032
coj1m011-fa12-20190925-0095-e91 4.9972 4.1563 6.872 1.038 rp 200 58751.4717115 18.66330 0.015 0.031
coj1m011-fa12-20190925-0096-e91 4.9972 4.1564 6.872 1.036 rp 200 58751.4743428 18.74770 0.020 0.037
coj1m011-fa12-20190925-0136-e91 4.9971 4.1570 6.885 1.097 rp 199 58751.5497870 18.73135 0.015 0.029
coj1m011-fa12-20190925-0137-e91 4.9971 4.1570 6.886 1.104 rp 199 58751.5524093 18.68070 0.016 0.033
coj1m011-fa12-20190925-0138-e91 4.9971 4.1571 6.886 1.110 rp 199 58751.5550433 18.74450 0.016 0.030
cpt1m010-fa16-20190925-0070-e91 4.9970 4.1590 6.924 1.122 rp 200 58751.7771375 19.04370 0.016 0.077
cpt1m010-fa16-20190925-0071-e91 4.9970 4.1590 6.924 1.115 rp 200 58751.7797573 19.03835 0.016 0.075
cpt1m010-fa16-20190925-0072-e91 4.9970 4.1591 6.925 1.109 rp 200 58751.7823768 19.04230 0.015 0.090
cpt1m013-fa14-20190925-0074-e91 4.9970 4.1591 6.926 1.088 rp 200 58751.7918860 18.96750 0.015 0.119
cpt1m013-fa14-20190925-0075-e91 4.9970 4.1592 6.927 1.083 rp 200 58751.7945036 19.01680 0.016 0.104
cpt1m013-fa14-20190925-0076-e91 4.9970 4.1592 6.927 1.078 rp 200 58751.7971207 18.99435 0.016 0.103
cpt1m013-fa14-20190925-0101-e91 4.9969 4.1600 6.942 1.063 rp 200 58751.8832877 18.75470 0.013 0.119
cpt1m013-fa14-20190925-0102-e91 4.9969 4.1600 6.942 1.067 rp 200 58751.8859164 18.77020 0.013 0.109
cpt1m013-fa14-20190925-0103-e91 4.9969 4.1600 6.943 1.071 rp 200 58751.8885422 18.76510 0.013 0.110
